aluRes(DataROM address)   instruction   PC   next_PC    DataROMreaddata   RtData(DataROMwritedata)    regWriteAddr    regWriteData
                       8 00083820 00000000 00000004          x 00000008 07 00000008
                       1 00621022 00000004 00000008          x 00000002 02 00000001
                      16 20e70008 00000008 0000000c          x 00000008 07 00000010
                       8 00083821 0000000c 00000010          x 00000008 07 00000008
                       1 00a22024 00000010 00000014          x 00000001 04 00000001
                       1 00824025 00000014 00000018          x 00000001 08 00000001
                       2 34020002 00000018 0000001c          x 00000001 02 00000002
                       2 00084040 0000001c 00000020          x 00000001 08 00000002
                       4 00073842 00000020 00000024          x 00000008 07 00000004
                16711680 3c0100ff 00000024 00000028          x 00000001 01 00ff0000
                       2 20010002 00000028 0000002c          x 00ff0000 01 00000002
                       2 20020002 0000002c 00000030          x 00000002 02 00000002
                       0 10220002 00000030 0000003c          x 00000002 02 00000000
                       1 20020001 0000003c 00000040          x 00000002 02 00000001
                       1 14220002 00000040 0000004c          x 00000001 02 00000001
                       4 ac020004 0000004c 00000050          x 00000001 02 00000004
                       4 8c090004 00000050 00000054          1 00000009 09 00000001
                      16 0c100018 00000054 00000060          x 00000010 1f 00000058
                      88 03e00008 00000060 00000058          x 00000000 00 00000058
                       2 20010002 00000058 0000005c          x 00000002 01 00000002
                      16 08100019 0000005c 00000064          x 00000010 10 00000010
                       0 0122182a 00000064 00000068          x 00000001 03 00000000
                       1 a0070001 00000068 0000006c          x 00000004 07 00000001
                       1 80070001 0000006c 00000070          4 00000004 07 00000004
                       2 a4070002 00000070 00000074          x 00000004 07 00000002
                       2 84070002 00000074 00000078          4 00000004 07 00000004
                       4 00073843 00000078 0000007c          x 00000004 07 00000004
                       2 00231026 0000007c 00000080          x 00000000 02 00000002
                       6 38220004 00000080 00000084          x 00000002 02 00000006
                       0 30220004 00000084 00000088          x 00000006 02 00000000
                       0 00000000 00000088 0000008c          x 00000000 00 00000000
                       2 00083820 00000000 00000004          x 00000002 07 00000002
                       0 00621022 00000004 00000008          x 00000000 02 00000000
                      10 20e70008 00000008 0000000c          x 00000002 07 0000000a
                       2 00083821 0000000c 00000010          x 00000002 07 00000002
